排序前的结果
11107 9849 658 11499 15849 14082 29419 1862 30950 17186 17798 8128 7894 8821 22115 31207 7776 23832 20727 2032 822 26884 18477 29353 28221 20890 4011 7599 22766 32126 14934 15329 10236 1705 25112 2068 20790 22714 7393 30217 6320 2445 17131 28572 10525 8207 27203 29245 2944 15697 15237 8356 16900 23515 998 7361 2599 6466 10360 15858 2590 15869 24234 30585 28021 30580 19982 813 13559 30810 32608 9327 15821 29501 15555 5984 17386 9051 18253 82 25510 22456 1478 28540 24232 13421 4269 19697 10250 7747 16252 16595 31672 1152 6958 27587 1305 32001 23037 1000001 
排序后的结果
82 658 813 822 998 1152 1305 1478 1705 1862 2032 2068 2445 2590 2599 2944 4011 4269 5984 6320 6466 6958 7361 7393 7599 7747 7776 7894 8128 8207 8356 8821 9051 9327 9849 10236 10250 10360 10525 11107 11499 13421 13559 14082 14934 15237 15329 15555 15697 15821 15849 15858 15869 16252 16595 16900 17131 17186 17386 17798 18253 18477 19697 19982 20727 20790 20890 22115 22456 22714 22766 23037 23515 23832 24232 24234 25112 25510 26884 27203 27587 28021 28221 28540 28572 29245 29353 29419 29501 30217 30580 30585 30810 30950 31207 31672 32001 32126 32608 1000001 
比较次数
513

排序前的结果
11156 7235 6476 12000 6728 7447 10569 23489 16480 23269 15579 8789 12297 27640 27318 29135 16830 5299 15420 27222 8214 29722 14323 3500 17889 22932 28727 25358 8820 10222 27180 4700 22593 27044 28919 14970 18859 31324 10542 1782 26648 27060 30860 18667 31047 31549 5610 5925 18148 26567 21866 14725 27737 17376 1270 25511 14056 12183 27881 707 19446 13190 18699 8913 2474 28431 19907 12017 21943 31717 3464 4361 20086 10958 21145 29872 4664 32168 16622 12619 4314 682 21614 8053 7066 29933 3938 23973 10024 17963 27946 18442 29697 30150 27950 10170 4344 22796 18968 1000001 
排序后的结果
682 707 1270 1782 2474 3464 3500 3938 4314 4344 4361 4664 4700 5299 5610 5925 6476 6728 7066 7235 7447 8053 8214 8789 8820 8913 10024 10170 10222 10542 10569 10958 11156 12000 12017 12183 12297 12619 13190 14056 14323 14725 14970 15420 15579 16480 16622 16830 17376 17889 17963 18148 18442 18667 18699 18859 18968 19446 19907 20086 21145 21614 21866 21943 22593 22796 22932 23269 23489 23973 25358 25511 26567 26648 27044 27060 27180 27222 27318 27640 27737 27881 27946 27950 28431 28727 28919 29135 29697 29722 29872 29933 30150 30860 31047 31324 31549 31717 32168 1000001 
比较次数
556

排序前的结果
11182 27687 18318 7899 23708 6093 2701 70 17500 6853 14396 9141 25568 28939 8247 3999 1998 21629 30066 18811 1234 22497 3370 26849 3641 13098 2587 26092 23228 9463 18420 9954 2969 3421 6920 4375 2537 9702 14406 8462 20013 31449 22891 19938 17962 2492 29046 15332 19703 10520 1372 646 26964 7548 31998 2424 17981 32708 88 16656 6591 22683 13563 14831 28171 5439 28605 24546 201 14725 11951 23558 11438 29468 28495 25136 4433 29205 13567 28043 27962 10915 21430 12419 24124 25632 21238 15330 31750 14673 31998 8505 244 28139 28224 5250 29995 15702 14613 1000001 
排序后的结果
70 88 201 244 646 1234 1372 1998 2424 2492 2537 2587 2701 2969 3370 3421 3641 3999 4375 4433 5250 5439 6093 6591 6853 6920 7548 7899 8247 8462 8505 9141 9463 9702 9954 10520 10915 11182 11438 11951 12419 13098 13563 13567 14396 14406 14613 14673 14725 14831 15330 15332 15702 16656 17500 17962 17981 18318 18420 18811 19703 19938 20013 21238 21430 21629 22497 22683 22891 23228 23558 23708 24124 24546 25136 25568 25632 26092 26849 26964 27687 27962 28043 28139 28171 28224 28495 28605 28939 29046 29205 29468 29995 30066 31449 31750 31998 31998 32708 1000001 
比较次数
567

平均比较次数
545
